68719553188
68719546863
68719548711
68719547864
68719549998
68719545928
68719546082
68719546071
68719549976
68719549965
68719550328
68719550218
68719550273
68719550295
68719548986
68719545884
68719546896
68719546830
68719546401
68719546786
68719549492
68719548964
68719548909
68719548942
68719547666
68719552110
68719551043
68719546874
68719545851
68719554706
68719545906
68719545873
68719546841
68719545840
68719549404
68719552748
68719548810
68719548458
68719548568
68719552781
68719550152
68719551912
68719552055
68719551967
68719551956
68719547754
68719547853
68719546313
68719553210
68719547842
68719549877
68719549899
68719549910
68719552066
68719552231
68719546764
68719550020
68719550383
68719550284
68719550372
68719556246
68719554717
68719554750
68719556235
68719556224
68719557104
68719550163
68719548326
68719550185
68719550240
68719549888
68719551098
68719551065
68719554772
68719554761
68719546060
68719546379
68719546368
68719546027
68719546412
68719546126
68719547897
68719551197
68719547369
68719545620
68719551164
68719551175
68719545961
68719556213
68719551153
68719557192
68719547809
68719549228
68719547952
68719547963
68719551054
68719557093
68719555069
68719554728
68719555080
68719557115
68719546170
68719557038
68719557170
68719557214
68719547325
68719547314
68719546797
68719546346
68719549437
68719546016
68719547919
68719545972
68719549866
68719546038
68719555058
68719554794
68719554783
68719554816
68719555091
68719620860
68719620893
68719620761
68719620871
68719617274
68719621212
68719620002
68719620123
68719617010
68719620178
68719620145
68719617329
68719620013
68719617439
68719621036
68719617978
68719613193
68719618187
68719610014
68719618671
68719610311
68719611290
68719610355
68719619683
68719616955
68719613215
68719617890
68719617879
68719611356
68719610322
68719617516
68719616999
68719617472
68719617219
68719617098
68719619705
68719619716
68719619672
68719619727
68719619661
68719617450
68719620904
68719617362
68719617307
68719617296
68719617428
68719621190
68719621289
68719617494
68719620035
68719621179
68719617318
68719618352
68719616977
68719621168
68719611345
68719611367
68719619947
68719617923
68719611334
68719620112
68719620090
68719612225
68719610300
68719611323
68719621025
68719620992
68719620882
68719620937
68719620959
68719620750
68719611279
68719618055
68719618000
68719620101
68719617736
68719617252
68719620079
68719620057
68719617340
68719611235
68719618022
68719618011
68719618066
68719618033
68719619980
68719611312
68719617934
68719617912
68719617901
68719620156
68719611180
68719611202
68719611257
68719611246
68719613798
68719614931
68719614810
68719614898
68719614601
68719612346
68719620926
68719620948
68719611301
68719611191
68719620915
68719611268
68719610366
68719610289
68719610388
68719621047
68719621080
68719621069
68719621157
68719621223
68719619540
68719619573
68719619507
68719619529
68719616438
68719639758
68719639219
68719637723
68719639252
68719639692
68719639593
68719639274
68719639648
68719637734
68719639604
